5 62 91 906 
28 54 500 950 
28 54 406 683 
28 54 683 717 950 
28 99 500 950 
28 99 406 683 
28 99 683 717 950 
28 144 683 717 
28 144 406 683 
28 500 940 950 
28 406 683 940 
28 683 717 940 950 
28 48 100 717 
28 48 100 406 
28 100 500 950 
28 100 406 683 
28 100 683 717 950 
29 760 761 824 
36 316 632 873 
36 91 316 632 
51 349 423 459 460 
51 349 423 459 461 
51 349 423 461 494 
51 341 349 423 461 
51 423 461 572 
51 423 459 716 
51 423 494 716 
51 341 423 716 
51 341 342 716 
51 305 374 572 
51 305 374 459 
51 341 342 374 
51 374 459 460 
51 374 459 461 
51 374 461 494 
51 374 461 572 
51 341 374 461 
54 174 406 683 
54 500 913 950 
54 65 717 949 950 
54 174 683 950 
54 65 683 717 950 
54 668 683 717 950 
54 683 717 913 950 
62 316 632 873 
62 91 316 632 
65 99 166 949 
65 99 717 949 950 
65 99 683 717 950 
65 590 717 949 950 951 
65 590 683 717 950 951 
73 483 510 701 
80 374 666 667 
80 374 593 667 
89 374 428 429 
89 423 428 429 
89 357 358 428 429 
99 668 683 717 950 
100 174 683 950 
100 174 406 683 
100 668 683 717 950 
100 717 949 950 
114 782 784 831 
114 615 782 831 
140 312 313 874 
140 312 313 1331 
140 312 313 1456 
140 312 313 610 
140 141 313 874 
140 141 313 1331 
140 141 313 1456 
140 141 313 610 
144 668 683 717 
170 290 374 667 
174 683 950 951 
202 281 380 381 
223 567 1123 1367 
232 349 423 461 
241 349 423 461 
247 349 423 461 
250 260 450 748 
264 530 860 861 
281 380 381 746 
289 349 715 772 
289 349 772 869 
289 349 423 772 
292 413 1333 1465 
324 530 860 861 
336 493 602 938 
349 714 772 869 
349 714 715 772 
349 423 495 502 
349 423 461 502 
349 423 460 666 
349 423 461 875 
356 479 480 958 
374 583 675 742 
374 715 741 772 
374 639 667 670 
374 666 667 669 
374 593 667 669 
384 385 389 663 
385 388 389 663 
413 1264 1333 1465 
500 913 950 951 
500 590 950 951 
524 547 549 667 
524 547 549 590 
547 549 666 667 
636 696 697 737 
647 648 1498 1658 
647 648 832 1498 
668 683 717 940 950 
668 683 717 950 951 
683 717 913 950 951 
692 782 784 813 
714 715 772 773 
715 716 772 773 
748 1434 1612 1663 
795 1435 1869 2038 
820 1862 1945 2052 
827 1111 1558 1623 
964 991 1242 1496 
964 991 1242 1243 
1007 1377 1427 1483 
1007 1094 1377 1427 
1171 1275 1656 1702 
1194 1261 1378 1483 
1194 1261 1483 1488 1489 
1194 1378 1427 1483 
1194 1377 1427 1483 1488 
1194 1427 1483 1487 1488 1489 
1228 1261 1483 1488 1489 
1228 1377 1427 1483 1488 
1228 1427 1483 1487 1488 1489 
1275 1353 1656 1702 
1656 1690 1691 1702 
1690 1691 1701 1702 
1861 1873 1950 1980 
