# The cliques from /home/dell/Desktop/Research_Projects/Github_Projects/SSCE/example/Citeseer/graph.pairs
# at no lower link weight threshold,
# and at no upper link weight threshold.
# Links were treated as undirected.
# No time limit was set for the clique search.
# The communities were extracted solely at k=4.

0: 1000 1132 1325 
1: 1005 1387 1388 
2: 1012 1312 1313 
3: 1132 1325 1014 
4: 1325 1015 1217 
5: 1016 1252 1393 
6: 1019 1688 997 
7: 1024 1373 1741 
8: 1026 1439 1641 
9: 1050 1420 1584 
10: 1471 1058 1063 
11: 1067 1179 1328 
12: 1074 1235 1728 
13: 1076 1523 1715 
14: 1781 1079 1778 
15: 1080 1465 413 
16: 1082 1247 1786 
17: 1082 1785 1786 
18: 1086 1666 1667 
19: 1088 1414 1415 
20: 1105 1281 1772 
21: 1108 1222 1352 
22: 1126 1462 995 
23: 1133 1689 903 
24: 1245 1162 1422 
25: 1169 1492 1510 
26: 1522 1174 1520 
27: 118 231 591 
28: 1208 1455 1532 
29: 1216 1244 1588 
30: 1218 1223 1645 
31: 1483 1261 1231 
32: 1414 1415 1240 
33: 1483 1261 1428 
34: 1286 1287 1290 
35: 1383 1304 1704 
36: 1316 1419 974 
37: 1316 1574 974 
38: 1452 1343 1537 
39: 1406 1502 1633 
40: 1530 1780 1409 
41: 1420 1584 1582 
42: 1435 1822 2066 
43: 1439 1641 1642 
44: 1512 1513 1753 
45: 152 296 53 
46: 1701 1700 1555 
47: 2059 1603 1981 
48: 1609 1774 1787 
49: 1650 1648 1775 
50: 1676 1744 1743 
51: 1681 1679 1680 
52: 173 435 580 
53: 1757 1758 918 
54: 813 176 921 
55: 1797 1987 2091 
56: 813 18 58 
57: 1808 2002 531 
58: 813 181 393 
59: 1810 1986 600 
60: 2013 1816 267 
61: 1824 1914 362 
62: 1827 1868 1917 
63: 2032 2103 1829 
64: 1831 2096 1897 
65: 1845 2015 2109 
66: 1849 1904 340 
67: 1858 2067 839 
68: 186 373 926 
69: 187 619 857 
70: 1874 1998 397 
71: 1888 1889 298 
72: 1890 1892 2035 
73: 1905 1967 340 
74: 192 243 625 
75: 192 369 370 
76: 750 1921 1922 
77: 1950 2093 1932 
78: 473 197 630 
79: 634 20 6 
80: 2027 267 2028 
81: 625 203 825 
82: 2034 2033 2075 
83: 206 566 693 
84: 441 2068 2070 
85: 374 22 858 
86: 25 343 851 
87: 251 271 298 
88: 251 408 410 
89: 251 409 410 
90: 251 738 764 
91: 261 416 417 
92: 519 274 520 
93: 275 323 645 
94: 29 709 761 
95: 394 303 596 
96: 307 705 706 
97: 373 320 725 
98: 374 629 77 
99: 466 961 39 
100: 833 415 882 
101: 1272 416 674 
102: 416 417 872 
103: 423 495 836 
104: 561 427 59 
105: 833 44 605 
106: 790 736 452 
107: 813 484 810 
108: 701 510 509 
109: 650 526 649 
110: 813 568 570 
111: 813 570 569 
112: 632 817 867 
113: 677 676 678 
114: 770 723 769 
115: 964 1232 991 
116: 1139 1627 973 
117: 1132 1685 990 
118: 1 660 661 
119: 1001 1483 1659 
120: 1249 1078 1118 
121: 1004 1005 1387 
122: 1004 1005 978 
123: 1006 1424 1544 
124: 1424 1544 2098 
125: 1007 1094 1377 1427 
126: 1687 1414 1653 
127: 102 1321 1755 
128: 1321 1755 191 
129: 1040 1110 1539 
130: 1110 1539 1107 
131: 1040 1151 1539 
132: 1151 1539 1107 
133: 1391 1040 1390 
134: 1391 1390 1107 
135: 1047 1382 1383 
136: 1381 1299 1131 
137: 1048 1649 827 
138: 1085 1572 1630 
139: 1572 1630 1631 
140: 1483 1098 1444 
141: 1098 1444 1763 
142: 1678 1121 1404 
143: 1678 1514 1404 
144: 1123 1367 223 567 
145: 1269 1128 1773 
146: 1128 1773 738 
147: 1132 1566 1137 
148: 1523 1134 748 
149: 1523 1134 30 
150: 1335 1136 1661 
151: 1159 1477 266 
152: 1159 1477 37 
153: 1245 1422 1423 
154: 1172 1600 983 
155: 1186 1600 983 
156: 1209 1379 956 
157: 1226 1969 31 
158: 126 585 684 
159: 615 782 127 
160: 1478 1279 1356 
161: 1279 1356 963 
162: 1672 1308 1638 
163: 1672 1638 982 
164: 132 135 953 
165: 132 402 953 
166: 790 451 136 
167: 1778 1928 2110 
168: 1344 1928 2110 
169: 1530 1346 425 
170: 374 138 439 
171: 138 439 884 
172: 1406 1503 1633 
173: 1413 1446 56 
174: 1413 1446 976 
175: 1435 1869 2066 
176: 1462 1795 1809 
177: 1795 1809 2048 
178: 1498 1658 648 647 
179: 2089 1868 1917 
180: 2055 1923 2042 
181: 441 515 81 
182: 175 1923 2042 
183: 1788 1997 620 
184: 1825 1846 694 
185: 1846 694 841 
186: 1861 1873 1950 1980 
187: 1861 1950 2093 
188: 1945 2052 1862 820 
189: 1929 1930 1865 
190: 1866 2019 2020 
191: 1866 2020 2021 
192: 450 1979 31 
193: 1904 1905 340 
194: 1907 1908 1909 
195: 1908 1909 340 
196: 254 2082 864 
197: 1934 2082 864 
198: 2034 2033 357 
199: 1855 1860 642 
200: 2077 385 388 
201: 374 22 438 
202: 264 555 556 
203: 324 555 556 
204: 701 272 413 
205: 611 767 612 
206: 747 846 31 
207: 29 760 761 824 
208: 29 761 786 
209: 812 816 579 
210: 615 632 301 
211: 591 632 315 
212: 632 315 905 
213: 316 632 905 
214: 1904 337 340 
215: 339 340 338 
216: 548 34 796 
217: 374 398 57 
218: 423 398 57 
219: 374 461 671 
220: 461 423 671 
221: 384 385 386 
222: 389 388 387 
223: 778 790 401 
224: 466 465 42 
225: 845 425 617 
226: 430 768 88 
227: 732 768 88 
228: 450 541 488 
229: 450 482 488 
230: 1648 453 827 
231: 453 827 85 
232: 466 465 907 
233: 466 801 919 
234: 473 932 712 
235: 782 813 497 
236: 91 5 62 906 
237: 756 521 84 
238: 521 523 84 
239: 955 593 877 
240: 595 594 597 
241: 599 597 598 
242: 595 597 598 
243: 1303 1138 601 
244: 939 892 947 
245: 615 782 775 
246: 939 631 840 
247: 737 636 696 697 
248: 694 841 944 
249: 64 841 944 
250: 630 719 67 
251: 604 719 67 
252: 767 677 676 
253: 704 781 72 
254: 873 781 72 
255: 483 701 510 73 
256: 1398 975 980 
257: 1443 975 980 
258: 1302 1239 993 
259: 1003 1078 1118 
260: 1003 1078 450 
261: 492 164 368 
262: 102 164 805 
263: 164 805 368 
264: 1024 1476 1741 
265: 1030 1511 976 
266: 1081 1511 976 
267: 1048 1623 827 
268: 1057 1530 1780 
269: 1420 1155 405 
270: 1067 1155 405 
271: 500 1302 1305 
272: 1302 1305 1506 
273: 1303 1421 1138 
274: 1882 1307 656 
275: 1623 1111 1558 827 
276: 114 615 782 831 
277: 114 782 784 831 
278: 1148 1413 56 
279: 1558 1168 1668 
280: 1168 1668 850 
281: 1168 1668 83 
282: 1169 1492 31 
283: 1172 1347 983 
284: 1186 1347 983 
285: 1202 1354 795 
286: 1354 1869 795 
287: 1746 1702 1206 
288: 1676 1675 1744 
289: 450 1226 31 
290: 1483 1659 1484 
291: 1483 1261 1484 
292: 1483 1427 1484 
293: 1496 1485 991 
294: 1272 1945 2052 
295: 1442 1307 656 
296: 1811 1307 656 
297: 1672 1308 1637 
298: 1672 1637 982 
299: 400 135 436 
300: 400 402 436 
301: 374 439 667 
302: 279 884 883 
303: 1601 1690 1691 
304: 1411 1765 1548 
305: 1765 1548 981 
306: 1612 1434 1663 748 
307: 149 925 9 
308: 1564 2032 2103 
309: 158 583 611 
310: 158 611 767 
311: 1663 1593 748 
312: 1726 1776 864 
313: 1612 1776 528 
314: 163 483 55 
315: 492 367 368 
316: 367 805 368 
317: 1746 1676 1744 
318: 374 172 501 
319: 374 366 375 
320: 374 767 375 
321: 1811 2039 864 
322: 367 805 191 
323: 25 442 66 
324: 25 442 851 
325: 450 250 517 
326: 450 250 765 
327: 250 765 81 
328: 466 259 465 
329: 264 530 860 861 
330: 324 530 860 861 
331: 374 449 51 
332: 349 449 51 
333: 100 406 28 48 
334: 100 717 28 48 
335: 406 448 606 
336: 406 28 606 
337: 541 740 739 
338: 615 632 300 
339: 374 305 459 51 
340: 374 305 572 51 
341: 307 699 706 
342: 423 572 318 
343: 336 493 602 938 
344: 668 34 351 
345: 668 351 669 
346: 668 351 80 
347: 349 714 868 
348: 461 349 423 875 
349: 461 883 875 
350: 615 782 35 
351: 374 643 680 
352: 845 425 743 
353: 897 378 895 
354: 897 895 896 
355: 813 484 378 
356: 484 378 895 
357: 384 385 389 663 
358: 385 389 663 388 
359: 630 939 631 
360: 441 81 957 
361: 443 795 584 
362: 615 782 776 
363: 946 721 948 
364: 1498 648 647 832 
365: 833 647 832 
366: 673 720 721 
367: 720 721 948 
368: 813 699 698 
369: 699 706 698 
370: 667 546 90 
371: 667 549 90 
372: 1286 1287 965 
373: 1496 1242 964 991 
374: 1003 450 169 
375: 101 253 480 
376: 101 356 480 
377: 1010 1286 1287 
378: 1286 1287 1311 
379: 1016 1030 1259 
380: 1016 1081 1259 
381: 102 367 805 
382: 1530 1780 1559 
383: 1530 1780 425 
384: 366 349 423 
385: 1444 1242 964 
386: 1811 864 656 
387: 1656 1353 1275 1702 
388: 1656 1171 1275 1702 
389: 1459 1725 1460 
390: 1459 1308 1460 
391: 1459 1460 982 
392: 591 632 873 
393: 1483 1659 1378 
394: 1483 1261 1194 1378 
395: 1483 1427 1194 1378 
396: 1202 1435 795 
397: 1302 1239 1655 
398: 1239 1655 1770 
399: 1242 1243 964 991 
400: 1465 1264 1333 413 
401: 1465 1333 292 413 
402: 1452 1343 1311 
403: 1530 1410 1559 
404: 374 145 461 
405: 1656 1702 1690 1691 
406: 1701 1702 1690 1691 
407: 161 275 812 
408: 374 170 290 667 
409: 374 290 22 
410: 173 175 580 
411: 174 406 561 
412: 406 561 448 
413: 374 667 664 
414: 1869 1793 2071 
415: 1869 1793 795 
416: 747 1793 31 
417: 1869 2038 2071 
418: 1869 2071 74 
419: 1934 864 656 
420: 559 192 370 
421: 559 370 228 
422: 192 370 889 
423: 370 889 228 
424: 192 625 889 
425: 625 889 228 
426: 281 202 380 381 
427: 281 380 381 746 
428: 667 666 546 
429: 223 567 708 
430: 223 567 999 
431: 25 284 626 
432: 25 284 66 
433: 284 626 958 
434: 1331 313 311 
435: 1456 313 311 
436: 313 610 311 
437: 356 480 479 958 
438: 356 626 958 
439: 667 550 524 
440: 550 590 524 
441: 814 493 938 
442: 374 583 742 675 
443: 374 342 742 
444: 349 423 350 
445: 429 357 428 358 89 
446: 484 895 896 
447: 1132 425 743 
448: 701 827 510 
449: 143 254 64 
450: 1483 1007 1261 
451: 1483 1007 1377 1427 
452: 1030 1259 1518 
453: 1030 1259 976 
454: 1081 1259 1518 
455: 1081 1259 976 
456: 814 782 784 
457: 782 784 813 692 
458: 668 640 239 
459: 1442 1168 1669 
460: 1558 1168 1669 
461: 1168 1669 850 
462: 1168 1669 83 
463: 1726 254 864 
464: 1483 1427 1194 1487 1488 1489 
465: 1483 1427 1487 1488 1489 1228 
466: 1435 1869 2038 795 
467: 790 135 269 
468: 790 402 269 
469: 874 140 141 313 
470: 1331 140 141 313 
471: 140 141 1456 313 
472: 140 141 313 610 
473: 874 140 312 313 
474: 1331 140 312 313 
475: 140 1456 312 313 
476: 140 312 313 610 
477: 143 254 83 
478: 1612 1663 169 
479: 2038 747 31 
480: 1940 738 656 
481: 1940 738 657 
482: 1940 864 656 
483: 1940 864 657 
484: 949 166 99 65 
485: 615 227 652 
486: 615 227 63 
487: 262 873 36 
488: 262 873 62 
489: 374 461 232 
490: 461 349 423 232 
491: 461 232 883 
492: 374 461 241 
493: 461 349 423 241 
494: 461 883 241 
495: 374 461 247 
496: 461 349 423 247 
497: 461 883 247 
498: 253 480 479 
499: 480 955 479 
500: 349 289 772 869 
501: 349 714 772 869 
502: 772 869 716 
503: 772 869 741 
504: 374 461 502 
505: 374 495 502 
506: 461 349 423 502 
507: 349 423 495 502 
508: 374 667 666 669 
509: 374 667 593 669 
510: 668 666 669 
511: 668 593 669 
512: 316 632 873 36 
513: 316 632 36 91 
514: 873 36 5 
515: 36 91 5 
516: 316 632 91 62 
517: 374 855 433 
518: 873 5 62 
519: 547 667 549 524 
520: 547 549 590 524 
521: 630 939 719 
522: 630 932 719 
523: 604 932 719 
524: 374 667 666 80 
525: 374 667 593 80 
526: 668 666 80 
527: 668 593 80 
528: 100 406 529 
529: 406 529 448 
530: 1483 1377 1427 1194 1488 
531: 1483 1377 1427 1488 1228 
532: 1477 266 74 
533: 1477 37 74 
534: 1169 169 618 
535: 1169 618 31 
536: 1483 1261 1194 1488 1489 
537: 1483 1261 1488 1489 1228 
538: 1770 1612 748 
539: 1423 169 618 
540: 790 135 137 
541: 400 135 137 
542: 790 402 137 
543: 400 402 137 
544: 450 541 770 
545: 374 158 443 
546: 279 158 443 
547: 158 349 443 
548: 1612 1713 748 
549: 423 422 289 
550: 423 422 51 
551: 422 239 289 
552: 422 239 714 
553: 374 461 677 
554: 374 767 677 
555: 374 583 855 
556: 374 855 741 
557: 374 666 460 
558: 374 460 459 51 
559: 349 423 666 460 
560: 349 423 460 459 51 
561: 655 738 657 
562: 655 864 657 
563: 374 639 667 670 
564: 374 767 670 
565: 668 639 670 
566: 374 461 675 
567: 374 741 675 
568: 461 349 675 
569: 316 632 873 62 
570: 374 170 57 
571: 374 666 57 
572: 423 666 57 
573: 423 289 57 
574: 374 429 428 89 
575: 273 429 89 
576: 423 429 428 89 
577: 1656 1746 1702 
578: 1746 1676 1702 
579: 1869 795 74 
580: 933 630 939 
581: 933 630 932 
582: 933 604 932 
583: 374 158 583 
584: 374 158 767 
585: 158 349 423 
586: 263 666 448 
587: 500 666 448 
588: 349 423 289 772 
589: 349 239 289 
590: 349 289 715 772 
591: 374 495 643 
592: 349 239 495 
593: 349 495 643 
594: 547 667 666 549 
595: 374 461 572 51 
596: 374 583 572 
597: 461 423 572 51 
598: 668 666 34 
599: 374 494 741 
600: 374 715 772 741 
601: 374 341 741 
602: 795 37 74 
603: 459 956 51 
604: 714 494 773 
605: 714 715 772 773 
606: 494 716 773 
607: 715 772 716 773 
608: 473 939 892 
609: 473 932 892 
610: 100 717 949 950 
611: 717 949 950 951 590 65 
612: 717 949 950 54 65 
613: 717 949 950 99 65 
614: 1132 1325 1685 
615: 522 548 547 
616: 522 547 666 
617: 254 701 864 
618: 254 655 864 
619: 254 864 83 
620: 450 273 666 
621: 450 273 260 
622: 170 547 667 
623: 266 795 74 
624: 450 250 260 748 
625: 250 260 850 
626: 250 260 81 
627: 263 951 913 
628: 263 913 54 
629: 500 950 951 913 
630: 500 950 913 54 
631: 683 717 950 951 913 
632: 683 717 950 913 54 
633: 374 342 341 51 
634: 66 342 341 
635: 342 341 716 51 
636: 500 1302 1239 
637: 374 144 28 
638: 263 144 28 
639: 406 683 144 28 
640: 500 144 28 
641: 668 683 717 144 
642: 683 717 144 28 
643: 251 441 655 
644: 263 940 28 
645: 406 683 940 28 
646: 500 950 940 28 
647: 668 683 717 950 940 
648: 683 717 950 940 28 
649: 618 701 31 
650: 374 639 22 
651: 668 639 22 
652: 668 639 239 
653: 349 239 714 
654: 349 714 494 
655: 349 714 715 772 
656: 423 772 716 
657: 683 717 950 951 590 65 
658: 683 717 950 54 65 
659: 683 717 950 99 65 
660: 473 630 939 
661: 473 630 932 
662: 473 604 932 
663: 374 639 770 
664: 374 643 770 
665: 643 864 770 
666: 100 263 28 
667: 263 28 54 
668: 263 28 99 
669: 251 655 738 
670: 655 738 656 
671: 406 683 28 99 
672: 500 950 28 99 
673: 668 683 717 950 99 
674: 683 717 950 28 99 
675: 374 461 459 51 
676: 374 667 459 
677: 461 349 423 459 51 
678: 423 459 716 51 
679: 459 590 51 
680: 655 864 656 
681: 374 461 341 51 
682: 461 349 423 341 51 
683: 423 341 716 51 
684: 423 494 716 51 
685: 100 174 406 683 
686: 100 174 683 950 
687: 174 406 683 54 
688: 174 683 950 951 
689: 174 683 950 54 
690: 500 950 951 590 
691: 668 683 717 950 951 
692: 374 28 54 
693: 406 683 28 54 
694: 500 950 28 54 
695: 668 683 717 950 54 
696: 683 717 950 28 54 
697: 666 655 864 
698: 374 100 28 
699: 100 406 683 28 
700: 100 500 950 28 
701: 100 683 717 950 28 
702: 100 668 683 717 950 
703: 450 701 31 
704: 374 461 494 51 
705: 461 349 423 494 51 
706: 668 717 666 
707: 450 701 748 
