# The links from /home/dell/Desktop/Research_Projects/Github_Projects/SSCE/example/Citeseer/graph.pairs
# at no lower link weight threshold,
# and at no upper link weight threshold.
# Links were treated as undirected.
# No time limit was set for the clique search.
# The communities were extracted solely at k=4.
# (mutual links and self-links were removed)

1 105
1 365
1 399
1 492
1 560
1 660
1 661
1 751
1 752
1 911
1 93
10 374
10 424
100 174
100 263
100 279
100 374
100 406
100 426
100 500
100 529
100 668
100 683
100 717
100 949
100 950
1000 1132
1000 1325
1001 1483
1001 1496
1001 1659
1002 1003
1002 1249
1003 1078
1003 1118
1004 1005
1004 1387
1005 1095
1005 1237
1005 1387
1005 1388
1006 1124
1006 1140
1006 1424
1006 1494
1006 1544
1006 1620
1007 1094
1007 1099
1007 1261
1007 1377
1007 1427
1007 1483
1008 1060
1008 1634
1009 1471
101 253
101 264
101 324
101 356
101 480
1010 1100
1010 1238
1010 1250
1010 1286
1010 1287
1010 1606
1010 1625
1010 1732
1011 1481
1012 1312
1012 1313
1013 1371
1014 1132
1014 1325
1015 1181
1015 1217
1015 1325
1016 1030
1016 1081
1016 1252
1016 1259
1016 1393
1017 1650
1018 1678
1019 1687
1019 1688
102 1321
102 164
102 1755
102 367
102 805
1020 1568
1021 1318
1021 1578
1022 1585
1023 1431
1024 1373
1024 1411
1024 1453
1024 1476
1024 1741
1025 1038
1025 1288
1025 1394
1025 1551
1025 1568
1025 1760
1025 1761
1025 1782
1025 1783
1026 1439
1026 1641
1027 1739
1028 1391
1029 1051
1029 1212
103 310
103 814
1030 1104
1030 1259
1030 1277
1030 1511
1030 1518
1031 1257
1032 1611
1033 1636
1034 1092
1034 1710
1034 1711
1034 1740
1035 1245
1036 1591
1036 1765
1037 1070
1039 1694
104 559
1040 1110
1040 1151
1040 1390
1040 1391
1040 1539
1041 1452
1041 1960
1042 1568
1043 1302
1044 1145
1044 1172
1044 1186
1044 1590
1045 1563
1047 1381
1047 1382
1047 1383
1048 1408
1048 1623
1048 1649
1049 1543
1050 1420
1050 1584
1051 1566
1052 1698
1052 1781
1053 1274
1054 1070
1054 1498
1055 1321
1056 1644
1057 1411
1057 1530
1057 1780
1058 1063
1058 1471
1058 1552
1059 1302
106 874
1060 1143
1060 1569
1061 1656
1061 1739
1062 1269
1062 1314
1062 1741
1063 1471
1064 1576
1064 1636
1065 1250
1065 1258
1065 1360
1065 1450
1066 1382
1067 1132
1067 1155
1067 1179
1067 1328
1067 1329
1067 1330
1067 1429
1067 1606
1067 1749
1068 1185
1068 1643
1068 1701
1069 1238
1069 2011
107 366
1071 1319
1072 1112
1072 1303
1072 1368
1073 1152
1073 1173
1074 1235
1074 1728
1075 1325
1076 1523
1076 1715
1077 1332
1077 1340
1077 1355
1077 1735
1077 1742
1078 1118
1078 1249
1079 1778
1079 1781
108 316
1080 1465
1081 1104
1081 1259
1081 1277
1081 1511
1081 1518
1082 1229
1082 1247
1082 1785
1082 1786
1083 1594
1083 1595
1084 1239
1085 1572
1085 1573
1085 1630
1086 1262
1086 1666
1086 1667
1087 1100
1088 1414
1088 1415
1089 1305
109 544
109 641
1090 1345
1090 1631
1091 1421
1091 1534
1093 1401
1093 1609
1094 1377
1094 1427
1095 1396
1096 1127
1096 1480
1097 1357
1097 1563
1097 1746
1098 1444
1098 1483
1098 1763
11 371
11 902
110 394
1101 1380
1102 1442
1102 1811
1102 1882
1103 1118
1105 1281
1105 1644
1105 1769
1105 1772
1106 1556
1107 1110
1107 1151
1107 1390
1107 1391
1107 1539
1108 1222
1108 1352
1109 1499
1110 1539
1111 1558
1111 1623
1112 1463
1112 1664
1112 1674
1112 1676
1113 1353
1114 1268
1114 1273
1114 1338
1114 1440
1114 1556
1115 1514
1116 1302
1117 1132
1118 1249
1119 1598
112 365
112 778
1120 1466
1120 1467
1120 1468
1120 1644
1120 1738
1121 1404
1121 1461
1121 1678
1122 1266
1123 1199
1123 1367
1123 1542
1124 1974
1125 1299
1126 1462
1127 1335
1127 1536
1127 1736
1128 1269
1128 1773
1129 1299
1129 1300
113 607
1130 1269
1131 1299
1131 1359
1131 1381
1131 1500
1131 1686
1132 1137
1132 1255
1132 1325
1132 1450
1132 1566
1132 1590
1132 1685
1133 1689
1134 1523
1135 1268
1135 1440
1136 1335
1136 1661
1136 1976
1137 1566
1137 1749
1138 1303
1138 1327
1138 1421
1138 1461
1139 1627
1139 1756
114 615
114 782
114 784
114 831
1140 1722
1141 1569
1142 1205
1143 1351
1143 1605
1144 1269
1147 1701
1148 1413
1148 1589
1149 1340
1149 1475
1149 1522
1149 1697
115 1962
115 251
115 285
115 450
115 955
1150 1343
1150 1765
1151 1539
1152 1560
1152 1580
1153 1461
1153 1676
1154 1541
1155 1331
1155 1420
1156 1395
1157 1170
1158 1578
1159 1477
116 297
116 522
116 639
116 640
1160 1497
1161 1541
1162 1245
1162 1422
1163 1212
1163 1297
1163 1436
1163 1469
1163 1705
1164 1402
1164 1615
1165 1609
1165 1737
1166 1697
1167 1652
1168 1442
1168 1558
1168 1668
1168 1669
1169 1492
1169 1510
117 790
1170 1269
1170 1417
1171 1275
1171 1326
1171 1459
1171 1656
1171 1702
1172 1347
1172 1600
1172 1929
1173 1294
1173 1370
1174 1520
1174 1522
1175 1413
1175 1692
1176 1219
1177 1216
1178 1619
1179 1328
118 231
118 591
1180 1560
1180 1683
1181 1478
1182 1306
1182 1512
1182 1609
1183 1751
1184 1599
1184 1725
1186 1347
1186 1600
1186 1929
1187 1338
1188 1726
1189 1694
1189 1695
119 285
119 450
1190 1609
1190 1701
1192 1662
1193 1320
1193 1913
1194 1261
1194 1377
1194 1378
1194 1427
1194 1483
1194 1487
1194 1488
1194 1489
1195 1261
1196 1414
1197 1420
1198 1365
1198 1420
12 1493
12 486
12 745
120 564
1200 1447
1201 1447
1201 1550
1202 1354
1202 1432
1202 1435
1202 1528
1203 1653
1204 1728
1206 1211
1206 1675
1206 1702
1206 1746
1207 1725
1208 1455
1208 1532
1209 1379
1209 1549
1209 1567
121 1323
121 172
121 1831
1210 1572
1212 1364
1213 1560
1214 1677
1214 1708
1215 1267
1215 1581
1216 1244
1216 1588
1216 1617
1217 1325
1218 1223
1218 1645
1219 1689
1219 1754
122 564
1220 1659
1221 1591
1222 1292
1222 1352
1223 1645
1224 1991
1225 1415
1225 1712
1225 1728
1226 1652
1226 1969
1227 1248
1228 1261
1228 1377
1228 1427
1228 1483
1228 1487
1228 1488
1228 1489
1229 1602
123 539
1230 1431
1231 1261
1231 1483
1233 1480
1233 1697
1234 1261
1235 1728
1236 1261
1237 1766
1239 1265
1239 1302
1239 1479
1239 1655
1239 1693
1239 1770
124 1023
124 310
1240 1414
1240 1415
1241 1531
1242 1243
1242 1444
1242 1496
1243 1261
1243 1384
1244 1588
1245 1422
1245 1423
1245 1639
1246 1248
1247 1786
1248 1366
1248 1504
1248 1505
125 564
125 661
1250 1438
1250 1451
1251 1376
1252 1393
1253 1594
1254 1350
1254 1764
1256 1732
1256 2029
1259 1518
1259 1615
126 306
126 355
126 585
126 684
126 685
1260 1291
1261 1378
1261 1428
1261 1470
1261 1483
1261 1484
1261 1485
1261 1488
1261 1489
1261 1543
1261 1614
1261 1627
1261 1716
1261 1763
1262 1445
1263 1470
1264 1333
1264 1445
1264 1465
1264 1497
1264 1640
1266 1398
1266 1443
1269 1280
1269 1773
127 615
127 777
127 782
1270 1325
1270 1478
1271 1612
1272 1512
1272 1807
1272 1945
1272 2052
1273 1509
1273 1621
1274 1353
1274 1426
1274 1607
1274 1676
1275 1353
1275 1554
1275 1656
1275 1702
1276 1406
1278 1750
1279 1356
1279 1478
128 317
128 400
1280 1791
1281 1772
1282 1772
1283 1285
1284 1285
1284 1677
1286 1287
1286 1290
1286 1311
1286 1590
1287 1290
1287 1311
129 464
129 813
1291 1685
1292 1654
1293 1750
1295 1400
1295 1672
1296 1308
1298 1718
1299 1381
13 238
130 473
130 700
1300 1359
1301 1558
1302 1305
1302 1506
1302 1521
1302 1655
1303 1421
1303 1674
1303 1675
1304 1383
1304 1704
1305 1506
1306 1578
1307 1442
1307 1811
1307 1882
1308 1459
1308 1460
1308 1630
1308 1637
1308 1638
1308 1656
1308 1672
1309 1612
1309 1714
131 564
1310 1443
1310 1694
1311 1343
1311 1452
1312 1313
1312 1431
1312 1681
1314 1765
1315 1527
1315 1619
1315 1673
1316 1419
1316 1574
1317 1567
1318 1464
1318 1704
132 135
132 402
132 953
1320 1490
1321 1371
1321 1755
1322 1485
1323 1765
1324 1325
1325 1685
133 400
133 451
133 474
1330 1450
1331 1416
1332 1462
1332 1762
1333 1465
1333 1545
1334 1465
1335 1480
1335 1655
1335 1661
1336 1499
1337 1338
1337 1812
1339 2096
134 673
1340 1375
1340 1622
1340 1696
1341 1431
1342 1506
1343 1452
1343 1476
1343 1537
1343 1957
1343 1965
1343 2014
1344 1781
1344 1928
1344 2036
1344 2110
1345 1372
1345 1677
1346 1530
1346 1930
1347 1930
1348 1450
1349 1750
135 137
135 269
135 400
135 436
135 790
135 953
1353 1656
1353 1702
1354 1817
1354 1869
1356 1478
1357 1646
1358 1403
136 451
136 475
136 518
136 790
1361 1568
1362 1363
1363 1549
1364 1436
1364 1539
1368 1674
1368 1676
1369 1607
137 218
137 400
137 402
137 790
137 866
1373 1741
1374 1697
1374 1999
1376 1561
1376 1724
1377 1427
1377 1483
1377 1488
1378 1427
1378 1483
1378 1659
1379 1380
138 374
138 439
138 884
1382 1383
1383 1704
1385 1386
1387 1388
1387 1396
1387 1449
1387 1634
1387 1720
1389 1578
139 218
1390 1391
1392 1594
1394 1552
1394 1650
1395 1461
1397 1398
1397 1515
1399 1460
1399 1541
14 1407
14 519
14 833
140 1331
140 141
140 1456
140 312
140 313
140 610
140 874
1403 1601
1404 1514
1404 1678
1405 1482
1406 1502
1406 1503
1406 1633
1407 1498
1409 1530
1409 1780
141 1331
141 1456
141 313
141 610
141 874
1410 1530
1410 1559
1411 1548
1411 1591
1411 1765
1411 1777
1411 1803
1411 1805
1412 1503
1413 1446
1414 1415
1414 1653
1414 1687
1414 1728
1415 1682
1416 1439
1418 1650
142 374
142 573
1420 1582
1420 1584
1421 1702
1422 1423
1424 1544
1424 2098
1425 1522
1427 1483
1427 1484
1427 1487
1427 1488
1427 1489
1428 1483
143 254
143 279
143 541
143 548
1430 1431
1433 1575
1433 1611
1434 1612
1434 1663
1435 1822
1435 1869
1435 2038
1435 2066
1436 1566
1437 1541
1439 1641
1439 1642
144 263
144 279
144 374
144 406
144 500
144 668
144 683
144 717
1440 1621
1441 1477
1442 1669
1442 1719
1444 1483
1444 1763
1447 1448
1448 1578
145 279
145 374
145 441
145 461
1452 1453
1452 1537
1452 1590
1453 1548
1454 1618
1454 2059
1455 1532
1456 1709
1457 1458
1458 1701
1459 1460
1459 1725
146 374
146 668
1460 1607
1460 1725
1462 1795
1462 1809
1463 1964
1464 1718
1469 1940
147 374
147 668
1471 1472
1472 1482
1472 1586
1474 1498
1475 1610
1476 1741
1478 1647
1478 1685
148 278
148 613
1480 1529
1480 1536
1480 1538
1480 1736
1481 1482
1483 1484
1483 1487
1483 1488
1483 1489
1483 1659
1484 1659
1485 1496
1486 1659
1487 1488
1487 1489
1488 1489
149 543
149 558
149 925
1490 1552
1490 1553
1491 1609
1492 1493
1492 1510
1495 1576
1495 1842
1498 1658
1498 1660
1498 1764
15 374
150 273
150 279
150 482
150 522
1501 1742
1502 1633
1503 1633
1507 1605
1508 1536
151 571
151 722
151 819
151 933
1512 1513
1512 1753
1513 1753
1514 1678
1514 1731
1516 1521
1517 1518
1518 1692
1519 1526
1519 1700
152 296
1520 1522
1522 1524
1523 1715
1524 1832
1525 1527
1526 1527
153 750
1530 1559
1530 1685
1530 1780
1533 1534
1533 1768
1535 1651
1536 1598
1536 1609
154 278
1540 1664
1540 1700
1544 2098
1546 1632
1547 1718
1548 1765
155 339
155 909
1554 1670
1554 1701
1555 1700
1555 1701
1556 1557
1557 2060
1558 1623
1558 1635
1558 1668
1558 1669
1559 1780
1559 2025
1559 2030
156 828
1561 1609
1562 1611
1563 1564
1563 1565
1563 1646
1564 2032
1564 2103
1565 2103
1569 1570
1569 1779
157 627
157 700
1570 1942
1571 1575
1572 1630
1572 1631
1575 1610
1577 1726
1578 1718
1579 1681
158 279
158 349
158 374
158 423
158 443
158 583
158 611
158 767
1582 1584
1583 1584
1585 1630
1586 1587
1588 2004
159 583
1591 1592
1593 1663
1594 1703
1595 2013
1596 1597
1599 1613
16 136
160 281
1601 1645
1601 1690
1601 1691
1603 1700
1603 1981
1603 2059
1604 1605
1605 1615
1608 1609
1609 1626
1609 1684
1609 1733
1609 1734
1609 1747
1609 1769
1609 1772
1609 1774
1609 1787
161 275
161 293
161 334
161 472
161 498
161 812
1610 1611
1612 1663
1612 1713
1612 1770
1612 1776
1616 1721
1617 1725
1618 1724
162 484
162 785
1620 1855
163 1077
163 1622
163 483
1630 1631
1632 1633
1637 1672
1637 1725
1638 1672
164 368
164 492
164 805
1641 1642
1644 1650
1644 1701
1644 1751
1646 1746
1648 1650
1648 1775
165 394
165 487
1650 1775
1651 1653
1652 1669
1653 1687
1654 1655
1655 1770
1656 1690
1656 1691
1656 1702
1656 1746
1657 1692
166 374
166 797
166 940
166 949
1661 1770
1665 1667
1666 1667
167 218
1671 1701
1672 1673
1675 1676
1675 1744
1676 1702
1676 1743
1676 1744
1676 1746
1679 1680
1679 1681
168 216
168 220
168 224
1680 1681
1685 1749
1686 1704
169 1003
169 1169
169 1423
169 1612
169 1663
169 255
169 285
169 422
169 450
169 548
169 618
169 747
1690 1691
1690 1701
1690 1702
1691 1701
1691 1702
1695 2089
1698 1699
17 466
17 576
17 634
17 799
170 290
170 374
170 547
170 658
170 667
170 686
170 809
170 940
1700 1701
1701 1702
1701 1721
1701 1787
1702 1746
1704 1718
1706 1707
1706 1718
1706 1768
1707 1708
171 813
1713 1714
1713 1730
1717 1737
172 266
172 374
172 501
1723 1787
1726 1776
1727 1728
1729 1740
173 175
173 1794
173 2055
173 435
173 580
174 1144
174 1506
174 2094
174 406
174 515
174 561
174 664
174 666
174 683
174 950
174 951
1741 2043
1743 1744
1744 1746
1745 1746
175 1923
175 1990
175 2042
175 2100
175 580
1752 1787
1757 1758
1757 1759
176 813
176 921
1763 1767
1769 1771
177 813
1774 1787
1778 1781
1778 1928
1778 2036
1778 2110
178 507
178 759
178 782
1783 1784
1785 1786
1788 1997
1789 1938
1789 2068
179 375
179 461
1790 1893
1791 1801
1792 1913
1792 2037
1793 1869
1793 2071
1794 1919
1794 1990
1795 1809
1795 2048
1796 1803
1796 1959
1796 2097
1797 1987
1797 2091
1798 2043
1799 1884
1799 1931
1799 2054
18 58
18 813
1800 1944
1800 2069
1802 1931
1804 1818
1804 2001
1805 2036
1805 2084
1806 1818
1806 1857
1806 1863
1806 1961
1807 2060
1808 2002
1809 2048
181 393
181 632
181 813
1810 1986
1811 2039
1812 1924
1813 2065
1814 1975
1815 2044
1816 2013
1817 1969
1819 1848
182 582
1820 2105
1821 1847
1821 1920
1822 2066
1823 1956
1823 2060
1824 1914
1825 1846
1825 2072
1826 1887
1827 1868
1827 1917
1828 1994
1829 2032
1829 2103
183 727
183 728
183 729
1830 1984
1831 1897
1831 2096
1832 2008
1833 1853
1834 1856
1834 2064
1835 1855
1836 2104
1837 2080
1838 1939
1839 1940
184 2058
184 253
184 356
184 406
184 429
1840 1964
1841 2086
1842 1844
1843 1939
1845 2015
1845 2109
1849 1904
185 722
1850 1957
1851 2040
1852 1918
1853 1964
1853 2031
1854 2009
1854 2042
1855 1860
1858 2067
1859 1966
186 373
186 926
1860 2073
1860 2104
1861 1873
1861 1950
1861 1980
1861 2093
1862 1945
1862 2052
1864 1886
1865 1929
1865 1930
1866 2019
1866 2020
1866 2021
1867 1988
1867 1989
1868 1896
1868 1917
1868 2089
1869 2038
1869 2066
1869 2071
187 619
187 857
1870 1972
1871 1934
1872 1993
1873 1950
1873 1980
1874 1998
1875 2009
1876 1896
1877 2092
1878 2010
1879 1906
188 400
1880 2079
1881 1903
1882 2039
1883 1920
1883 1926
1883 2108
1885 1915
1886 1978
1888 1889
189 1990
189 581
1890 1892
1890 1950
1890 2035
1891 1950
1891 2035
1892 2035
1893 1979
1893 2041
1894 2103
1895 2026
1895 2027
1897 2096
1898 2056
1899 1900
19 473
190 374
190 557
1901 1927
1901 2088
1902 2004
1903 1942
1904 1905
1905 1967
1907 1908
1907 1909
1907 1936
1908 1909
191 1321
191 1755
191 367
191 805
1910 1962
1911 1943
1911 1944
1912 2107
1913 2074
1913 2081
1915 2016
1915 2049
1916 1974
1917 2089
1917 2106
1918 1952
1918 2098
192 243
192 369
192 370
192 371
192 559
192 625
192 813
192 889
192 890
1920 2005
1921 1922
1923 2042
1923 2055
1924 2060
1925 1946
1925 2048
1927 2024
1928 2110
1929 1930
193 227
193 262
193 632
1931 1962
1931 2047
1932 1950
1932 2093
1933 1934
1933 1935
1934 2082
1937 1970
194 622
194 902
1941 2006
1942 2065
1945 2052
1947 2104
1948 1996
1949 1958
1949 2018
195 1406
195 485
1950 1980
1950 2093
1951 2034
1952 2104
1953 1961
1953 1970
1954 2076
1955 2023
196 477
1960 2000
1961 1983
1961 2045
1962 2054
1963 1991
1965 2025
1966 2102
1968 1971
197 473
197 630
1972 1992
1973 2085
1975 1976
1977 2061
198 333
198 613
1981 2059
1982 1999
1984 1985
1985 2052
1987 2091
199 267
199 652
1995 1996
1995 2063
1996 2079
1996 2104
2 144
2 1623
2 701
20 634
200 630
2002 2044
2003 2042
2006 2007
2009 2017
201 374
201 423
201 918
2012 2080
2014 2087
2015 2109
2017 2042
2019 2020
2019 2022
202 281
202 380
202 381
202 430
202 837
2020 2021
2021 2022
2027 2028
2029 2030
203 625
203 825
2032 2103
2033 2034
2033 2075
2034 2075
2038 2071
204 642
2042 2053
2042 2055
2046 2047
205 279
205 654
2050 2051
2050 2103
2057 2058
206 566
206 589
206 693
2062 2063
2068 2070
207 1142
207 1317
207 1477
207 1740
207 1847
207 1920
207 2109
207 694
207 701
2077 2078
208 374
208 651
2083 2090
209 593
2094 2095
2099 2100
2099 2101
21 1442
21 650
210 374
211 881
212 677
213 666
214 604
214 939
215 722
216 283
216 292
217 599
218 395
218 458
218 595
218 599
219 374
219 651
22 111
22 290
22 321
22 374
22 438
22 448
22 574
22 639
22 668
22 858
220 283
220 292
221 280
221 374
221 404
222 349
222 374
222 546
223 1123
223 1367
223 567
223 708
223 999
224 283
224 292
225 932
226 583
227 476
227 615
227 652
227 673
228 370
228 559
228 592
228 625
228 762
228 889
229 394
229 604
229 630
23 296
23 673
230 790
230 813
230 932
231 591
232 349
232 374
232 423
232 461
232 522
232 883
233 691
233 960
234 1898
234 778
235 774
235 890
235 954
236 374
236 651
237 372
238 661
239 1639
239 289
239 349
239 357
239 422
239 495
239 639
239 640
239 668
239 714
24 119
24 376
24 390
24 655
24 904
24 909
240 278
241 349
241 374
241 423
241 461
241 522
241 883
242 374
243 625
244 430
245 531
245 548
246 901
247 349
247 374
247 423
247 461
247 522
247 883
248 278
249 501
25 284
25 343
25 442
25 626
25 653
25 66
25 851
250 260
250 357
250 450
250 517
250 643
250 748
250 765
250 850
251 271
251 298
251 330
251 408
251 409
251 410
251 441
251 541
251 655
251 737
251 738
251 764
251 807
252 692
252 783
253 479
253 480
253 542
253 626
253 851
254 1726
254 2082
254 285
254 655
254 701
254 864
255 748
256 536
256 639
257 843
258 833
259 465
259 466
259 587
259 615
259 616
259 660
26 1411
26 251
26 81
260 273
260 297
260 450
260 494
260 748
260 794
260 850
261 416
261 417
262 704
262 873
263 1144
263 448
263 593
263 666
263 913
263 940
263 951
264 444
264 450
264 530
264 555
264 556
264 626
264 794
264 851
264 860
264 861
265 908
266 1082
266 1159
266 1477
266 1872
266 297
266 428
266 795
267 1816
267 2013
267 2027
267 2028
267 344
268 311
268 336
268 874
269 402
269 403
269 559
269 790
269 826
27 377
270 604
271 298
272 1334
272 413
272 701
273 1878
273 342
273 429
273 450
273 666
273 855
274 519
274 520
275 323
275 645
275 662
275 812
276 589
276 874
277 701
278 751
278 752
279 1469
279 2062
279 304
279 322
279 342
279 429
279 443
279 449
279 460
279 479
279 494
279 565
279 612
279 643
279 653
279 664
279 677
279 715
279 883
279 884
28 100
28 144
28 263
28 374
28 406
28 48
28 500
28 54
28 606
28 683
28 717
28 940
28 950
28 99
281 380
281 381
281 623
281 746
282 563
283 454
283 511
283 577
283 607
283 701
283 740
283 846
284 430
284 626
284 958
285 1129
285 2034
285 482
285 517
285 765
285 770
286 733
286 961
287 447
287 620
288 402
289 349
289 422
289 423
289 715
289 772
289 869
29 709
29 760
29 761
29 786
29 824
290 374
290 667
290 808
291 607
292 1333
292 1465
292 413
293 589
294 813
295 1660
295 833
297 495
297 549
297 668
298 1741
298 1888
298 1889
299 302
3 607
30 1105
30 1134
30 1169
30 1423
30 1523
30 1663
30 1713
30 1770
30 450
30 483
300 302
300 615
300 632
300 816
301 302
301 615
301 632
303 394
303 596
304 374
305 374
305 459
305 572
306 756
307 699
307 705
307 706
307 960
308 792
309 655
31 1169
31 1226
31 1317
31 1492
31 1727
31 1793
31 1931
31 1969
31 1979
31 2038
31 285
31 450
31 618
31 701
31 747
31 846
310 490
310 491
310 492
311 1331
311 1456
311 313
311 610
312 1331
312 1456
312 313
312 610
312 874
313 1331
313 1456
313 336
313 566
313 610
313 874
314 1331
314 1456
314 610
314 874
315 591
315 632
315 905
316 632
316 789
316 873
316 905
317 630
318 1826
318 423
318 572
318 767
319 691
32 567
32 636
32 656
32 657
32 666
32 811
320 373
320 725
322 374
322 573
323 645
324 444
324 450
324 530
324 555
324 556
324 626
324 794
324 851
324 860
324 861
325 1564
325 1977
325 2069
325 781
326 487
327 1248
327 1364
327 2097
327 833
328 740
329 1532
329 834
33 248
330 1899
331 822
332 456
333 688
334 603
334 615
334 814
334 935
335 1084
335 549
335 550
335 593
336 493
336 589
336 602
336 938
337 1904
337 340
337 400
338 1906
338 339
338 340
339 340
339 405
34 1380
34 170
34 351
34 548
34 666
34 668
34 795
34 796
340 1641
340 1806
340 1849
340 1904
340 1905
340 1908
340 1909
340 1967
341 342
341 349
341 374
341 423
341 461
341 716
341 741
341 929
341 930
341 955
342 374
342 714
342 716
342 742
343 851
344 345
346 347
346 403
346 790
348 374
348 734
349 350
349 366
349 423
349 443
349 449
349 459
349 460
349 461
349 494
349 495
349 501
349 502
349 525
349 643
349 666
349 670
349 675
349 714
349 715
349 745
349 772
349 868
349 869
349 875
35 478
35 615
35 782
35 87
350 1864
350 423
350 767
350 955
351 668
351 669
352 466
353 466
354 456
354 623
355 1210
356 479
356 480
356 626
356 851
356 958
357 1871
357 2033
357 2034
357 358
357 428
357 429
358 428
358 429
358 732
359 493
359 603
36 262
36 316
36 632
36 873
36 91
360 643
361 1834
361 643
361 952
362 1410
362 1824
362 1914
362 904
363 648
363 911
364 513
365 580
365 581
365 654
365 682
366 374
366 375
366 423
367 368
367 492
367 805
368 492
368 805
369 370
37 1159
37 1477
37 172
37 1872
37 297
37 428
37 74
37 795
370 559
370 889
371 418
371 621
371 622
372 554
372 646
373 446
373 554
373 559
373 609
373 725
373 893
373 926
374 375
374 398
374 428
374 429
374 433
374 438
374 439
374 443
374 449
374 459
374 460
374 461
374 482
374 485
374 494
374 495
374 501
374 502
374 525
374 532
374 548
374 551
374 572
374 583
374 593
374 629
374 639
374 640
374 643
374 650
374 664
374 666
374 667
374 669
374 670
374 671
374 675
374 677
374 680
374 696
374 713
374 715
374 741
374 742
374 767
374 770
374 772
374 780
374 845
374 855
374 858
374 865
374 868
374 886
374 951
375 767
376 567
376 871
377 897
378 484
378 813
378 895
378 897
379 381
38 615
380 381
380 692
380 746
381 624
381 746
382 788
383 908
384 385
384 386
384 389
384 663
384 873
385 2077
385 386
385 388
385 389
385 663
386 2079
387 388
387 389
387 604
388 1215
388 1565
388 2077
388 389
388 663
389 1762
389 663
39 466
39 961
390 757
391 780
392 494
393 813
394 395
394 545
394 596
394 928
395 604
396 790
397 1874
397 1998
397 583
398 423
399 910
4 563
40 137
40 139
40 167
40 395
40 458
40 595
40 599
40 631
40 813
40 815
400 402
400 436
400 477
400 844
400 954
401 436
401 778
401 790
402 436
402 790
402 953
405 1067
405 1155
405 1420
405 1450
406 1597
406 448
406 529
406 561
406 606
406 683
406 940
407 909
408 410
409 410
41 1968
41 402
411 732
412 643
412 852
413 1080
413 1263
413 1264
413 1333
413 1465
413 1475
413 576
413 701
414 701
415 833
415 882
416 1272
416 417
416 674
416 820
416 872
417 872
418 484
419 813
42 465
42 466
42 616
420 813
421 422
421 494
421 680
422 423
422 714
423 428
423 429
423 459
423 460
423 461
423 494
423 495
423 502
423 572
423 639
423 640
423 650
423 666
423 671
423 716
423 724
423 772
423 836
423 875
425 1132
425 1311
425 1346
425 1476
425 1530
425 1780
425 1865
425 1931
425 1965
425 617
425 743
425 845
427 561
428 429
43 813
430 511
430 713
430 746
430 768
430 878
430 922
431 778
432 433
433 434
433 535
433 679
433 855
434 742
435 580
437 785
438 959
439 667
439 884
44 605
44 648
44 833
440 548
440 666
441 1831
441 2068
441 2070
441 515
441 655
441 957
442 851
443 531
443 584
443 795
445 1962
445 708
446 736
448 500
448 529
448 561
448 606
448 666
45 702
45 720
450 1003
450 1078
450 1103
450 1129
450 1226
450 1245
450 1799
450 1979
450 2034
450 482
450 488
450 517
450 531
450 541
450 666
450 701
450 748
450 765
450 770
451 790
452 736
452 790
453 1648
453 827
454 455
454 533
454 711
456 722
456 908
457 833
459 460
459 461
459 590
459 667
459 716
459 955
459 956
46 813
460 666
461 494
461 502
461 572
461 671
461 675
461 677
461 875
461 883
462 813
463 464
465 466
465 907
466 467
466 544
466 758
466 800
466 801
466 907
466 912
466 919
466 961
468 773
469 608
47 202
47 746
470 471
470 545
470 604
471 866
471 932
472 736
472 954
473 604
473 630
473 638
473 712
473 892
473 932
473 939
474 571
477 661
478 853
479 480
479 955
479 958
48 100
48 406
48 717
480 486
480 635
480 724
480 955
480 958
481 607
482 488
482 716
483 510
483 537
483 701
484 690
484 810
484 813
484 895
484 896
485 517
486 626
487 813
487 814
488 541
489 661
49 813
492 833
493 602
493 814
493 938
494 668
494 714
494 716
494 741
494 773
494 929
494 930
494 955
495 502
495 643
495 836
496 909
497 661
497 782
497 813
498 813
499 590
499 670
5 36
5 578
5 62
5 873
5 906
5 91
50 732
500 1144
500 1239
500 1302
500 1305
500 590
500 593
500 666
500 913
500 940
500 950
500 951
502 565
503 813
504 813
505 813
506 2023
506 844
507 508
507 778
509 510
509 701
51 305
51 341
51 342
51 349
51 374
51 422
51 423
51 449
51 459
51 460
51 461
51 494
51 572
51 590
51 716
51 956
510 701
510 827
512 539
513 626
514 643
514 738
516 752
518 759
518 813
519 520
52 587
521 523
521 756
522 547
522 548
522 565
522 666
523 939
524 547
524 549
524 550
524 590
524 618
524 667
526 649
526 650
527 610
527 909
528 1612
528 1635
528 1776
528 1954
528 1973
528 643
529 1417
529 797
529 951
53 152
53 296
530 860
530 861
531 1808
531 2002
531 796
532 856
534 722
536 626
536 640
538 673
539 744
539 928
54 174
54 263
54 374
54 406
54 500
54 65
54 668
54 683
54 717
54 913
54 949
54 950
540 817
541 739
541 740
541 770
542 1423
544 575
544 587
544 652
544 831
545 630
546 590
546 666
546 667
547 548
547 549
547 590
547 666
547 667
547 808
548 659
548 796
549 590
549 666
549 667
55 1319
55 1545
55 163
55 2105
55 483
550 590
550 667
550 668
551 838
552 1563
552 2086
552 920
553 583
554 722
554 756
555 556
558 587
558 813
56 1046
56 1148
56 1349
56 1393
56 1413
56 1446
56 148
56 1511
56 1657
562 776
563 708
563 909
566 693
566 931
566 966
567 1123
567 1367
567 589
567 655
567 708
567 999
568 570
568 813
569 570
569 813
57 170
57 289
57 374
57 398
57 423
57 529
57 666
570 813
570 873
572 583
573 574
575 641
576 801
578 632
579 812
579 816
58 579
58 813
580 945
582 815
583 611
583 675
583 742
583 855
584 2071
584 795
584 968
585 1461
585 684
586 588
586 616
586 907
587 912
587 919
587 920
588 912
589 1331
589 2083
589 2088
59 427
59 561
590 1469
590 1683
590 2092
590 639
590 664
590 683
590 717
590 949
590 950
590 951
591 632
591 873
593 667
593 668
593 669
593 877
593 955
594 595
594 597
594 604
595 597
595 598
596 935
597 598
597 599
598 599
6 20
6 63
6 634
6 652
60 901
60 939
600 1810
600 1986
601 1138
601 1303
601 722
602 603
602 938
604 719
604 932
604 933
604 941
604 947
604 954
604 960
605 833
606 913
607 718
607 787
608 835
608 917
61 1913
61 770
611 612
611 767
612 767
613 615
613 688
614 939
615 632
615 634
615 652
615 775
615 776
615 782
615 807
615 831
615 854
615 880
615 946
616 961
617 1410
617 845
618 1169
618 1423
618 1593
618 1713
618 1770
618 1771
618 701
619 857
62 262
62 316
62 632
62 873
62 906
62 91
620 1788
620 1997
622 914
623 661
623 885
623 939
625 825
625 889
626 958
627 628
628 634
628 892
63 199
63 227
63 544
63 615
63 86
630 631
630 691
630 719
630 842
630 932
630 933
630 939
630 954
630 960
631 840
631 939
632 644
632 695
632 704
632 802
632 803
632 817
632 842
632 867
632 873
632 905
633 842
634 798
634 823
636 1726
636 655
636 696
636 697
636 737
637 638
639 667
639 668
639 670
639 735
639 770
64 143
64 207
64 254
64 841
64 944
640 668
642 1855
642 1860
643 680
643 731
643 770
643 806
643 864
646 2021
647 1254
647 1498
647 1658
647 648
647 832
647 833
648 1498
648 1658
648 832
649 650
65 166
65 279
65 590
65 683
65 717
65 949
65 950
65 951
65 99
650 891
650 956
651 1870
654 910
654 924
655 656
655 657
655 666
655 738
655 811
655 862
655 864
656 1307
656 1442
656 1577
656 1811
656 1882
656 1934
656 1940
656 738
656 850
656 864
657 1577
657 1940
657 738
657 850
657 864
658 808
66 253
66 264
66 284
66 324
66 341
66 342
66 356
66 442
66 483
66 494
660 661
661 857
661 892
661 960
662 1927
664 667
665 1185
665 1643
665 722
666 667
666 668
666 669
666 717
666 850
666 864
667 669
667 670
667 773
667 863
668 669
668 670
668 683
668 715
668 717
668 724
668 809
668 865
668 940
668 950
668 951
67 604
67 630
67 719
670 767
672 853
672 854
673 720
673 721
673 820
674 1272
675 741
675 742
675 903
676 677
676 678
676 767
677 678
677 767
679 1065
679 1348
68 180
68 896
680 916
681 719
681 813
681 892
682 766
683 717
683 913
683 940
683 950
683 951
684 1958
685 1837
685 2012
687 842
689 728
69 644
690 691
691 755
692 733
692 782
692 784
692 813
694 1825
694 1846
694 841
694 944
696 697
696 737
696 923
697 737
698 699
698 706
698 813
698 960
699 706
699 813
699 899
7 374
7 590
7 952
7 955
70 473
700 866
700 932
701 748
701 827
701 841
701 864
702 703
702 820
703 720
704 781
705 706
706 911
707 1931
707 708
707 757
709 761
71 644
710 813
710 960
712 932
714 715
714 772
714 773
714 868
714 869
715 716
715 741
715 772
715 773
716 772
716 773
716 868
716 869
717 1506
717 913
717 940
717 949
717 950
717 951
719 932
719 939
72 704
72 781
72 873
720 721
720 948
721 946
721 948
722 779
722 818
722 839
723 1149
723 750
723 769
723 770
726 727
729 813
73 483
73 510
73 701
730 813
731 1241
731 1662
731 952
732 768
732 773
732 792
733 876
736 790
737 1577
737 864
738 1128
738 1130
738 1163
738 1773
738 1940
738 764
739 2039
739 2040
739 740
74 1477
74 1869
74 1938
74 2071
74 266
74 441
74 795
74 968
74 97
741 772
741 855
741 869
743 1132
743 1410
743 1749
743 845
744 813
744 822
745 767
746 837
747 1167
747 1434
747 1593
747 1793
747 2038
747 846
747 850
747 957
748 1105
748 1134
748 1169
748 1423
748 1434
748 1523
748 1593
748 1612
748 1663
748 1713
748 1770
748 957
749 1908
749 823
75 1356
75 257
750 1921
750 1922
753 813
754 782
756 813
756 840
756 892
76 813
760 761
760 824
761 786
761 824
763 1527
763 1536
763 1838
767 771
769 770
77 374
77 629
770 864
770 955
772 773
772 869
774 1966
775 777
775 782
776 777
776 782
778 790
778 859
78 262
78 615
781 873
782 784
782 813
782 814
782 831
782 847
784 813
784 814
784 831
785 953
786 1463
789 1911
789 2032
79 712
79 939
790 844
791 925
793 813
793 870
795 1202
795 1354
795 1435
795 1793
795 1869
795 2038
798 801
798 849
8 1660
8 833
80 351
80 374
80 593
80 666
80 667
80 668
801 919
802 804
803 804
809 855
81 250
81 260
81 441
81 442
81 515
81 560
81 600
81 738
81 765
81 957
810 813
811 1789
812 814
812 816
813 921
813 933
813 936
813 937
813 948
814 933
814 936
814 937
814 938
817 867
818 1147
818 1607
818 1702
818 2107
82 572
820 1440
820 1812
820 1862
820 1945
820 2052
820 2060
821 842
822 828
825 826
826 1867
827 1048
827 1111
827 1558
827 1623
827 1648
827 1649
828 829
828 830
83 1168
83 143
83 145
83 1668
83 1669
83 1719
83 254
83 747
83 748
83 864
830 1114
830 1135
830 1621
832 1498
832 833
833 882
834 889
838 1077
839 1858
839 2067
84 521
84 523
84 756
840 939
841 1142
841 1317
841 1477
841 1740
841 1846
841 1847
841 1920
841 2109
841 944
842 894
848 932
849 961
85 1408
85 453
85 827
850 1168
850 1635
850 1668
850 1669
850 1954
852 1954
852 881
855 879
856 2049
86 652
86 763
860 861
860 955
864 1128
864 1130
864 1649
864 1726
864 1776
864 1811
864 1934
864 1935
864 1940
864 1954
864 2039
864 2040
864 2082
871 1927
874 931
874 938
875 883
876 961
877 955
877 956
88 430
88 732
88 768
883 884
887 896
89 273
89 357
89 358
89 374
89 423
89 428
89 429
890 925
892 932
892 939
892 947
893 2035
893 894
895 896
895 897
895 898
896 897
9 149
9 192
9 248
9 534
9 788
9 925
90 2006
90 546
90 549
90 667
900 901
900 939
903 1133
903 1689
903 1997
904 927
91 316
91 632
91 906
913 1592
913 950
913 951
915 939
916 1851
917 1316
918 1757
918 1758
92 374
92 668
923 924
924 1462
927 1824
929 1797
93 692
93 888
93 909
931 1358
932 933
933 939
933 943
934 935
939 947
94 650
940 950
942 943
943 946
945 1475
945 2048
946 948
949 950
949 951
95 518
950 951
955 1209
955 1385
955 1819
956 1101
956 1209
956 1379
956 1994
96 255
962 1689
962 1788
963 1181
963 1270
963 1279
963 1356
963 1647
963 1685
964 1232
964 1242
964 1243
964 1444
964 1496
964 991
965 1132
965 1286
965 1287
965 1732
966 1157
966 1358
967 1340
968 1193
968 1224
968 1495
968 1624
968 1713
969 1083
97 260
97 349
97 374
970 1640
971 1602
972 1024
972 1031
972 1143
973 1139
973 1627
974 1315
974 1316
974 1419
974 1574
975 1191
975 1398
975 1443
975 980
976 1030
976 1081
976 1259
976 1349
976 1413
976 1446
976 1511
977 1111
978 1004
978 1005
978 1191
978 1443
979 1694
98 120
98 122
98 125
98 131
980 1398
980 1443
981 1057
981 1548
981 1591
981 1765
981 1777
982 1296
982 1459
982 1460
982 1630
982 1637
982 1638
982 1656
982 1672
983 1172
983 1186
983 1339
983 1347
983 1590
983 1600
983 1685
984 1046
984 1289
984 1396
984 1413
984 1443
984 1518
985 1077
985 1149
985 1628
986 1148
986 1751
987 1522
988 1763
989 1149
99 166
99 170
99 263
99 406
99 500
99 668
99 683
99 717
99 949
99 950
990 1132
990 1685
991 1232
991 1242
991 1243
991 1485
991 1496
992 1042
993 1239
993 1302
993 1629
994 1239
995 1126
995 1462
996 1536
997 1019
997 1688
998 1132
998 1146
999 1109
999 1336
999 1473
999 1748
