# The communities at k=4
# from /home/dell/Desktop/Research_Projects/Github_Projects/SSCE/example/Citeseer/graph.pairs
# at no lower link weight threshold,
# and at no upper link weight threshold.
# Links were treated as undirected.
# No time limit was set for the clique search.
# The communities were extracted solely at k=4.

0: 1483 1007 1094 1261 1377 1427 1194 1378 1487 1488 1489 1228 
1: 1123 1367 223 567 
2: 1498 1658 648 647 832 
3: 1861 1873 1950 1980 
4: 1945 2052 1862 820 
5: 29 760 761 824 
6: 91 5 62 906 
7: 737 636 696 697 
8: 483 701 510 73 
9: 1623 1111 1558 827 
10: 114 615 782 784 831 
11: 1612 1434 1663 748 
12: 264 324 530 860 861 
13: 100 174 406 500 668 683 717 949 950 144 166 940 951 913 28 48 54 99 590 65 
14: 374 461 349 423 666 232 495 241 247 494 342 460 305 459 572 341 716 502 875 51 
15: 336 493 602 938 
16: 384 385 389 663 388 
17: 1496 1242 1243 964 991 
18: 1656 1353 1171 1275 1702 
19: 1465 1264 1333 292 413 
20: 1656 1701 1702 1690 1691 
21: 374 170 290 667 
22: 281 202 380 381 746 
23: 356 480 479 958 
24: 374 583 742 675 
25: 374 423 429 357 428 358 89 
26: 782 784 813 692 
27: 1435 1869 2038 795 
28: 874 1331 140 141 1456 312 313 610 
29: 349 423 289 714 715 772 869 716 773 
30: 374 667 666 593 669 80 
31: 316 632 873 36 91 62 
32: 547 667 666 549 590 524 
33: 374 639 667 670 
34: 374 715 772 741 
35: 450 250 260 748 
