# The links inside the communities at k=4
# from /home/dell/Desktop/Research_Projects/Github_Projects/SSCE/example/Citeseer/graph.pairs
# at no lower link weight threshold,
# and at no upper link weight threshold.
# Links were treated as undirected.
# No time limit was set for the clique search.
# The communities were extracted solely at k=4.

0:
1483 1007
1483 1261
1483 1377
1483 1427
1483 1194
1483 1378
1483 1487
1483 1488
1483 1489
1483 1228
1007 1094
1007 1377
1007 1427
1094 1377
1094 1427
1261 1194
1261 1378
1261 1488
1261 1489
1261 1228
1377 1427
1377 1194
1377 1488
1377 1228
1427 1194
1427 1378
1427 1487
1427 1488
1427 1489
1427 1228
1194 1378
1194 1487
1194 1488
1194 1489
1487 1488
1487 1489
1487 1228
1488 1489
1488 1228
1489 1228
1:
1123 1367
1123 223
1123 567
1367 223
1367 567
223 567
2:
1498 1658
1498 648
1498 647
1498 832
1658 648
1658 647
648 647
648 832
647 832
3:
1861 1873
1861 1950
1861 1980
1873 1950
1873 1980
1950 1980
4:
1945 2052
1945 1862
1945 820
2052 1862
2052 820
1862 820
5:
29 760
29 761
29 824
760 761
760 824
761 824
6:
91 5
91 62
91 906
5 62
5 906
62 906
7:
737 636
737 696
737 697
636 696
636 697
696 697
8:
483 701
483 510
483 73
701 510
701 73
510 73
9:
1623 1111
1623 1558
1623 827
1111 1558
1111 827
1558 827
10:
114 615
114 782
114 784
114 831
615 782
615 831
782 784
782 831
784 831
11:
1612 1434
1612 1663
1612 748
1434 1663
1434 748
1663 748
12:
264 530
264 860
264 861
324 530
324 860
324 861
530 860
530 861
860 861
13:
100 174
100 406
100 500
100 668
100 683
100 717
100 949
100 950
100 28
100 48
174 406
174 683
174 950
174 951
174 54
406 683
406 144
406 940
406 28
406 48
406 54
406 99
500 950
500 940
500 951
500 913
500 28
500 54
500 99
500 590
668 683
668 717
668 950
668 144
668 940
668 951
668 54
668 99
683 717
683 950
683 144
683 940
683 951
683 913
683 28
683 54
683 99
683 590
683 65
717 949
717 950
717 144
717 940
717 951
717 913
717 28
717 48
717 54
717 99
717 590
717 65
949 950
949 166
949 951
949 54
949 99
949 590
949 65
950 940
950 951
950 913
950 28
950 54
950 99
950 590
950 65
144 28
166 99
166 65
940 28
951 913
951 590
951 65
913 54
28 48
28 54
28 99
54 65
99 65
590 65
14:
374 461
374 494
374 342
374 460
374 305
374 459
374 572
374 341
374 51
461 349
461 423
461 232
461 241
461 247
461 494
461 459
461 572
461 341
461 502
461 875
461 51
349 423
349 666
349 232
349 495
349 241
349 247
349 494
349 460
349 459
349 341
349 502
349 875
349 51
423 666
423 232
423 495
423 241
423 247
423 494
423 460
423 459
423 572
423 341
423 716
423 502
423 875
423 51
666 460
495 502
494 716
494 51
342 341
342 716
342 51
460 459
460 51
305 459
305 572
305 51
459 716
459 51
572 51
341 716
341 51
716 51
15:
336 493
336 602
336 938
493 602
493 938
602 938
16:
384 385
384 389
384 663
385 389
385 663
385 388
389 663
389 388
663 388
17:
1496 1242
1496 964
1496 991
1242 1243
1242 964
1242 991
1243 964
1243 991
964 991
18:
1656 1353
1656 1171
1656 1275
1656 1702
1353 1275
1353 1702
1171 1275
1171 1702
1275 1702
19:
1465 1264
1465 1333
1465 292
1465 413
1264 1333
1264 413
1333 292
1333 413
292 413
20:
1656 1702
1656 1690
1656 1691
1701 1702
1701 1690
1701 1691
1702 1690
1702 1691
1690 1691
21:
374 170
374 290
374 667
170 290
170 667
290 667
22:
281 202
281 380
281 381
281 746
202 380
202 381
380 381
380 746
381 746
23:
356 480
356 479
356 958
480 479
480 958
479 958
24:
374 583
374 742
374 675
583 742
583 675
742 675
25:
374 429
374 428
374 89
423 429
423 428
423 89
429 357
429 428
429 358
429 89
357 428
357 358
357 89
428 358
428 89
358 89
26:
782 784
782 813
782 692
784 813
784 692
813 692
27:
1435 1869
1435 2038
1435 795
1869 2038
1869 795
2038 795
28:
874 140
874 141
874 312
874 313
1331 140
1331 141
1331 312
1331 313
140 141
140 1456
140 312
140 313
140 610
141 1456
141 313
141 610
1456 312
1456 313
312 313
312 610
313 610
29:
349 423
349 289
349 714
349 715
349 772
349 869
423 289
423 772
289 715
289 772
289 869
714 715
714 772
714 869
714 773
715 772
715 716
715 773
772 869
772 716
772 773
716 773
30:
374 667
374 666
374 593
374 669
374 80
667 666
667 593
667 669
667 80
666 669
666 80
593 669
593 80
31:
316 632
316 873
316 36
316 91
316 62
632 873
632 36
632 91
632 62
873 36
873 62
36 91
91 62
32:
547 667
547 666
547 549
547 590
547 524
667 666
667 549
667 524
666 549
549 590
549 524
590 524
33:
374 639
374 667
374 670
639 667
639 670
667 670
34:
374 715
374 772
374 741
715 772
715 741
772 741
35:
450 250
450 260
450 748
250 260
250 748
260 748
